[[[    0    90    80 65534 65534]
  [   15     0    69    48 65534]
  [   91 65534     0    12    39]
  [   78 65534 65534     0    36]
  [   26    12    39    33     0]]

 [[    0    90    80 65534 65534]
  [   15     0    69    48 65534]
  [   91   181     0    12    39]
  [   78   168   158     0    36]
  [   26    12    39    33     0]]

 [[    0    90    80   138 65534]
  [   15     0    69    48 65534]
  [   91   181     0    12    39]
  [   78   168   158     0    36]
  [   26    12    39    33     0]]

 [[    0    90    80    92   119]
  [   15     0    69    48   108]
  [   91   181     0    12    39]
  [   78   168   158     0    36]
  [   26    12    39    33     0]]

 [[    0    90    80    92   119]
  [   15     0    69    48    84]
  [   90   180     0    12    39]
  [   78   168   158     0    36]
  [   26    12    39    33     0]]]
